$ 1 0.000005 49.687244006919805 69 5 43 5e-11
151 -80 160 64 160 0 2 5 5
151 -80 256 64 256 0 2 0 5
151 672 336 816 336 0 2 0 5
151 672 464 816 464 0 2 0 5
151 672 224 816 224 0 2 0 5
152 64 208 208 208 0 2 5 5
152 544 224 672 224 0 2 5 5
152 544 336 672 336 0 2 5 5
152 544 464 672 464 0 2 5 5
w 672 352 672 336 0
w 672 336 672 320 0
w 672 240 672 224 0
w 672 224 672 208 0
w 672 480 672 464 0
w 672 464 672 448 0
w 64 224 64 256 0
w 64 160 64 192 0
w -80 144 -80 160 0
w -80 160 -80 176 0
L -160 160 -192 160 0 1 false 5 0
L -80 256 -112 256 0 1 false 5 0
w -80 256 -80 240 0
w -80 256 -80 272 0
w 432 208 544 208 0
w 432 208 432 320 0
w 432 320 544 320 0
w 432 320 432 448 0
w 432 448 544 448 0
L 272 240 208 240 0 1 false 5 0
L 320 352 288 352 0 1 false 5 0
L 384 480 352 480 0 1 false 5 0
152 928 336 1072 336 0 3 0 5
w 816 224 928 224 0
w 928 224 928 320 0
w 816 336 928 336 0
w 816 464 928 464 0
w 928 352 928 464 0
b -220 -65 1180 625 0
x 723 90 863 93 4 30 EV4.10.14
x 471 283 631 286 4 24 Precharge_coil
x 476 401 579 404 4 24 AIR\p_coil
x 480 527 577 530 4 24 AIR-_coil
x -60 319 29 322 4 24 SC_End
x -161 120 -5 123 4 24 HV_AccuState
w 320 352 544 352 0
w 208 208 432 208 0
w 272 240 544 240 0
w 384 480 544 480 0
154 592 896 800 896 0 2 5 5
154 720 1040 928 1040 0 2 0 5
154 832 1168 1040 1168 0 2 0 5
w 272 240 272 880 0
w 480 880 272 880 0
w 320 352 320 1024 0
w 320 1024 480 1024 0
w 384 480 384 1152 0
w 480 1152 384 1152 0
b -216 743 1184 1433 0
w 480 880 592 880 0
w 480 1024 720 1024 0
w 480 1152 592 1152 0
x 781 830 921 833 4 30 EV4.10.13
152 1424 1040 1632 1040 0 3 5 5
w 800 896 1424 896 0
w 1424 896 1424 1024 0
w 928 1040 1424 1040 0
w 1040 1168 1424 1168 0
w 1424 1168 1424 1056 0
152 1632 752 1840 752 0 3 5 5
w 1632 1040 1632 768 0
w 1072 336 1504 336 0
w 1504 336 1504 752 0
w 1504 752 1632 752 0
x 484 954 660 957 4 24 Precharge_state
x 661 1104 780 1107 4 24 AIR\p_state
x 772 1223 885 1226 4 24 AIR-_state
b -215 -889 1185 -199 0
w 1632 736 1632 -592 0
w 1632 -592 528 -592 0
L 528 -592 288 -592 0 0 false 5 0
x 594 -783 655 -780 4 30 SCS
L 464 912 416 912 0 1 false 5 0
L 544 1056 496 1056 0 1 false 5 0
L 592 1184 560 1184 0 1 false 5 0
151 2096 768 2288 768 0 2 5 5
r 1920 752 2048 752 0 51000
209 2048 752 2048 880 0 0.00001 2.3827696094148823 0.001 1
w 2048 752 2096 752 0
g 2048 880 2048 912 0 0
w 1920 752 1840 752 0
w 1840 752 1840 784 0
w 2096 784 1840 784 0
151 2560 784 2720 784 0 2 5 5
151 2560 928 2720 928 0 2 0 5
w 2288 768 2560 768 0
w 2560 800 2528 800 0
w 2528 800 2528 848 0
w 2528 848 2720 880 0
w 2720 880 2720 928 0
w 2560 912 2528 912 0
w 2528 912 2528 880 0
w 2528 880 2720 832 0
w 2720 832 2720 784 0
v 2336 992 2336 880 0 0 40 5 0 0 0.5
r 2432 848 2432 944 0 10000
209 2432 944 2432 1040 0 0.00001 4.999544350693496 0.001 1
w 2336 880 2336 848 0
w 2336 848 2432 848 0
w 2336 992 2336 1056 0
w 2336 1056 2432 1056 0
w 2432 1040 2432 1056 0
g 2432 1056 2432 1088 0 0
w 2560 944 2432 944 0
w 2720 928 2784 928 0
150 592 1680 768 1680 0 4 0 5
b -217 1510 1183 1896 0
w 544 1056 720 1056 0
w 592 1152 832 1152 0
w 624 1184 832 1184 0
w 592 912 464 912 0
w 464 912 464 1696 0
w 544 1056 544 1664 0
w 464 1696 592 1696 0
w 544 1664 592 1664 0
w 592 1184 624 1184 0
w 592 1648 592 1184 0
w -160 160 -80 160 0
w -160 160 -160 1712 0
w 592 1712 -160 1712 0
w 768 1680 2784 1680 0
150 2784 1264 2960 1264 0 2 0 5
w 2784 1248 2784 928 0
w 2784 1280 2784 1680 0
x 2834 1408 3227 1411 4 40 Green\sLight\sActivation
f 3120 1264 3216 1264 32 1.5 0.02
g 3216 1280 3216 1328 0 0
w 2960 1264 3120 1264 0
r 3216 1152 3216 1248 0 1000
162 3216 1088 3216 1152 2 default-led 1 0 0 0.01
v 3296 1280 3296 1168 0 0 40 5 0 0 0.5
w 3216 1280 3296 1280 0
w 3296 1168 3296 1088 0
w 3216 1088 3296 1088 0
165 2624 -80 2720 -80 6 4.999999950000001
r 2624 -48 2624 16 0 10000
r 2624 -48 2624 -128 0 10000
w 2688 -112 2688 -128 0
w 2624 -128 2688 -128 0
w 2688 -128 2768 -128 0
w 2752 -48 2768 -48 0
w 2768 -48 2768 -128 0
R 2688 -128 2688 -176 0 0 40 5 0 0 0.5
w 2624 16 2624 48 0
g 2720 176 2720 224 0 0
w 2848 -192 2928 -192 0
w 2928 -112 2928 -192 0
w 2848 0 2928 0 0
v 2928 0 2928 -112 0 0 40 5 0 0 0.5
162 2848 -192 2848 -128 2 default-led 1 0 0 0.01
r 2848 -128 2848 -32 0 1000
g 2848 0 2848 48 0 0
f 2752 -16 2848 -16 32 1.5 0.02
w 2688 80 2480 80 0
L 2480 80 2384 80 0 1 false 5 0
x 2310 15 2452 18 4 24 HV_RedLight
c 2560 48 2560 176 0 0.000022 4.396539459975167 0.001
w 2560 48 2624 48 0
w 2560 176 2720 176 0
w 2720 176 2720 80 0
